$ANSIBLE_VAULT;1.1;AES256
66313866623261326233303762313939663539316363343535623162333831643137636561633164
3961653763626637313132303633616165616530616663640a613463363833306466353935633635
31643963363139616633356330613039393833366635623535653562373064303161666338363831
6465663663343831640a313837643063303534303234636339653338396161383461633635656137
31313233323063363937383261623065396365653963333564336433323963323463333561316465
32313530636531343634643765653065363061346266343738666332653739633739633261356661
63666563663738636163636633323463623438363532623064646133303131383961623366336563
33613032643462376430366430303864633635366664316464363439346632616130313961353533
32373533373064663631393836643266656239336365613464363231303162396439373861316337
37363438333135333565333962323734653339643331373662326566616433343435333565356165
36623137363736373364623664383462316661613332656366616231393133333834643064656630
34636631353463343964396534663339343064613439393162613162393937636261376663643135
63363231393837336534353966343237663137353862613935653531363861363936373062643537
33613038323661653432643062656562393864396236383666623938363864383137636639326265
37336537666534633061313965646266326166636635613939656537363437353434363764393632
39663432353337663361313865646530643336303836396432323361623136666465636535646562
64663461393763353833373134623138383131366537653564313630353636643731323934396264
38353162363462373431356139323766646636386439636461626362373530363438646635336230
64613462373863316638323862356336376432653065343664313435373333343661323538353338
64643938323265356663333939653764313962643735373938656332633231323863316236373563
66363832386662333730643739393733313835636534366136633964643236656565346535306166
30356336646335336562653732646637323937313435643034383834396433376663653465336164
64643165356539303039323461616461653164373635623537376162326232613335356361306338
31303837376639383634303631636563623465643462653161393435623139336363643965373539
37306334646337303433356366363836613537313363343038656337633061666138383965343763
37623863663334306635333064333833653733326562366130306334313662396534613462303734
32333936623335376663626433386535303239336633356631303136663566613132626266623563
31653763306265633539
